chr12_91103190_C_T	1	1	0.0508387	0.0508387	0.0508387
chr12_91111018_T_C	1	1	0.13941	0.13941	0.13941
chr12_91111031_T_C	1	1	0.183255	0.183255	0.183255
chr12_91103005_T_C	1	1	0.101227	0.101227	0.101227
chr12_91110531_A_G	1	1	0.165361	0.165361	0.165361
chr12_91111607_G_A	1	1	0.447142	0.447142	0.447142
chr12_91106081_C_T	1	1	0.181763	0.181763	0.181763
chr12_91102633_T_A	1	1	0.0469668	0.0469668	0.0469668
chr12_91103171_T_C	1	1	0.0492226	0.0492226	0.0492226
chr12_91110661_G_A	1	1	0.119222	0.119222	0.119222
chr12_91111296_A_G	1	1	0.467023	0.467023	0.467023
chr12_91108731_T_C	1	0	0	0	0
chr12_91103435_T_C	1	1	0.0489112	0.0489112	0.0489112
chr12_91110010_T_C	1	1	0.0614438	0.0614438	0.0614438
chr12_91110459_T_G	1	1	0.0906677	0.0906677	0.0906677
chr12_91111514_A_G	1	1	0.873303	0.873303	0.873303
chr12_91111174_T_A	1	1	0.325876	0.325876	0.325876
chr12_91110659_T_A	1	1	0.119222	0.119222	0.119222
chr12_91102822_C_T	1	1	0.098024	0.098024	0.098024
chr12_91108680_G_A	1	0	0	0	0
chr12_91106184_C_A	1	1	0.115833	0.115833	0.115833
chr12_91105755_G_A	1	1	0.0554041	0.0554041	0.0554041
chr12_91105760_C_T	1	1	0.0545825	0.0545825	0.0545825
chr12_91111207_C_A	1	1	0.165115	0.165115	0.165115
chr12_91103595_T_C	1	1	0.819744	0.819744	0.819744
chr12_91110851_A_T	1	1	0.105162	0.105162	0.105162
chr12_91105591_G_A	1	1	0.0491138	0.0491138	0.0491138
chr12_91111556_G_T	1	1	0.892909	0.892909	0.892909
chr12_91109856_A_C	1	1	0.0759984	0.0759984	0.0759984
chr12_91108660_A_G	1	0	0	0	0
chr12_91109644_G_A	1	1	0.129013	0.129013	0.129013
chr12_91110666_G_A	1	1	0.119222	0.119222	0.119222
chr12_91110662_T_A	1	1	0.119222	0.119222	0.119222
chr12_91106152_G_A	1	1	0.114551	0.114551	0.114551
chr12_91103064_T_C	1	1	0.0491477	0.0491477	0.0491477
chr12_91110215_A_G	1	1	0.0607831	0.0607831	0.0607831
chr12_91106225_A_T	1	1	0.103772	0.103772	0.103772
chr12_91103963_T_C	1	1	0.171387	0.171387	0.171387
chr12_91110997_C_A	1	1	0.0846144	0.0846144	0.0846144
chr12_91103495_T_G	1	1	0.126873	0.126873	0.126873
chr12_91111640_C_T	1	1	0.514438	0.514438	0.514438
chr12_91108473_A_G	1	0	0	0	0
chr12_91103243_A_G	1	1	0.0664166	0.0664166	0.0664166
chr12_91103708_A_G	1	1	0.117013	0.117013	0.117013
chr12_91109484_T_G	1	1	0.0690829	0.0690829	0.0690829
chr12_91102987_A_G	1	1	0.074467	0.074467	0.074467
chr12_91105996_C_T	1	1	0.220611	0.220611	0.220611
chr12_91102984_C_T	1	1	0.074467	0.074467	0.074467
chr12_91110305_A_G	1	1	0.0781455	0.0781455	0.0781455
chr12_91110665_T_A	1	1	0.119222	0.119222	0.119222
chr12_91109444_A_C	1	1	0.19747	0.19747	0.19747
chr12_91109931_T_C	1	1	0.0607839	0.0607839	0.0607839
chr12_91110237_T_C	1	1	0.0608693	0.0608693	0.0608693
chr12_91108447_G_A	1	0	0	0	0
chr12_91103704_A_G	1	1	0.117013	0.117013	0.117013
chr12_91105260_G_A	1	1	0.0557383	0.0557383	0.0557383
