chr11_116837538_G_A	1	1	0.117062	0.117062	0.117062
chr11_117205054_A_C	1	1	0.102309	0.102309	0.102309
chr11_116881329_G_A	1	1	0.116349	0.116349	0.116349
chr11_117226471_G_A	1	1	0.146428	0.146428	0.146428
chr11_116867020_T_A	1	1	0.160909	0.160909	0.160909
chr11_117050066_G_A	1	1	0.0502556	0.0502556	0.0502556
chr11_116830700_A_G	1	1	0.0553252	0.0553252	0.0553252
chr11_117087760_A_T	1	1	0.0509311	0.0509311	0.0509311
chr11_116937735_T_C	1	1	0.046875	0.046875	0.046875
chr11_116955693_T_C	1	1	0.1316	0.1316	0.1316
chr11_117113213_T_G	1	1	0.0443366	0.0443366	0.0443366
chr11_117143052_T_A	1	1	0.0513669	0.0513669	0.0513669
chr11_116938141_G_T	1	1	0.046323	0.046323	0.046323
chr11_117098115_G_A	1	1	0.102234	0.102234	0.102234
chr11_116866403_G_T	1	1	0.0476178	0.0476178	0.0476178
chr11_116836328_A_T	1	0	0	0	0
chr11_117097965_C_G	1	1	0.0654153	0.0654153	0.0654153
chr11_116862946_C_T	1	1	0.0476178	0.0476178	0.0476178
chr11_116837537_C_T	1	1	0.117062	0.117062	0.117062
chr11_117232029_G_A	1	1	0.206995	0.206995	0.206995
chr11_117051869_C_A	1	1	0.0481516	0.0481516	0.0481516
chr11_117233237_C_T	1	1	0.134902	0.134902	0.134902
chr11_117099290_T_A	1	1	0.0602146	0.0602146	0.0602146
chr11_116903073_A_G	1	1	0.0998418	0.0998418	0.0998418
chr11_117199250_C_T	1	1	0.200531	0.200531	0.200531
chr11_116958413_T_C	1	1	0.0804101	0.0804101	0.0804101
chr11_117199264_G_A	1	1	0.200531	0.200531	0.200531
chr11_116811288_T_C	1	1	0.0425568	0.0425568	0.0425568
chr11_117096095_A_G	1	1	0.961666	0.961666	0.961666
chr11_117200211_G_A	1	1	0.0723861	0.0723861	0.0723861
chr11_117230404_T_C	1	1	0.860962	0.860962	0.860962
chr11_117180629_C_T	1	1	0.053004	0.053004	0.053004
chr11_117199301_C_T	1	1	0.0956371	0.0956371	0.0956371
chr11_117232667_C_T	1	1	0.879575	0.879575	0.879575
chr11_117087922_T_C	1	1	0.0483959	0.0483959	0.0483959
chr11_117144897_C_G	1	1	0.0624158	0.0624158	0.0624158
chr11_117144783_G_A	1	1	0.0622405	0.0622405	0.0622405
chr11_116955811_C_G	1	1	0.460954	0.460954	0.460954
chr11_117090026_G_A	1	1	0.0865699	0.0865699	0.0865699
chr11_117112349_G_A	1	1	0.0436289	0.0436289	0.0436289
chr11_116959410_T_C	1	1	0.046875	0.046875	0.046875
chr11_117144294_C_T	1	0	0	0	0
chr11_117112358_C_T	1	1	0.0436289	0.0436289	0.0436289
chr11_116830682_T_C	1	1	0.0990598	0.0990598	0.0990598
chr11_116829971_G_A	1	1	0.10927	0.10927	0.10927
chr11_116811020_C_T	1	1	0.0443366	0.0443366	0.0443366
chr11_117089177_G_A	1	1	0.0474215	0.0474215	0.0474215
chr11_117089134_G_A	1	1	0.0468651	0.0468651	0.0468651
chr11_116839884_A_C	1	1	0.0633802	0.0633802	0.0633802
chr11_116889873_G_A	1	1	0.0476178	0.0476178	0.0476178
chr11_117179195_C_G	1	1	0.381032	0.381032	0.381032
chr11_117090901_G_A	1	1	0.0575773	0.0575773	0.0575773
chr11_117226553_G_A	1	1	0.0696927	0.0696927	0.0696927
chr11_117205320_G_A	1	1	0.287685	0.287685	0.287685
chr11_117230804_A_G	1	1	0.0680144	0.0680144	0.0680144
chr11_117195732_T_C	1	1	0.0536934	0.0536934	0.0536934
chr11_117089280_G_A	1	1	0.0473869	0.0473869	0.0473869
chr11_117233057_C_T	1	1	0.0675406	0.0675406	0.0675406
chr11_117232846_G_A	1	1	0.203555	0.203555	0.203555
chr11_116863253_T_C	1	1	0.0497124	0.0497124	0.0497124
chr11_117144561_G_A	1	1	0.105046	0.105046	0.105046
chr11_117105918_A_T	1	1	0.0520421	0.0520421	0.0520421
chr11_117209971_G_A	1	1	0.0622354	0.0622354	0.0622354
chr11_117067656_T_A	1	1	0.0481801	0.0481801	0.0481801
chr11_116814097_A_T	1	1	0.0972157	0.0972157	0.0972157
chr11_117097210_T_C	1	1	0.239554	0.239554	0.239554
chr11_116866030_G_C	1	1	0.21707	0.21707	0.21707
chr11_117098441_G_A	1	1	0.367757	0.367757	0.367757
chr11_116865429_T_G	1	1	0.157936	0.157936	0.157936
chr11_116866712_T_C	1	1	0.0578196	0.0578196	0.0578196
chr11_117178730_C_G	1	1	0.132981	0.132981	0.132981
chr11_117230595_C_T	1	1	0.147481	0.147481	0.147481
chr11_116830805_A_G	1	0	0	0	0
chr11_117178792_A_G	1	1	0.334864	0.334864	0.334864
chr11_117052843_G_T	1	1	0.0569992	0.0569992	0.0569992
chr11_117195720_C_T	1	1	0.0536934	0.0536934	0.0536934
chr11_116865535_T_C	1	1	0.123323	0.123323	0.123323
chr11_117097023_T_C	1	1	0.172255	0.172255	0.172255
chr11_117098446_G_A	1	1	0.370344	0.370344	0.370344
chr11_117143886_C_T	1	1	0.15942	0.15942	0.15942
chr11_116938066_A_G	1	1	0.046323	0.046323	0.046323
chr11_117233776_T_G	1	1	0.0741357	0.0741357	0.0741357
chr11_117087307_G_C	1	1	0.0481801	0.0481801	0.0481801
chr11_117200737_G_A	1	1	0.102864	0.102864	0.102864
chr11_116830956_C_T	1	1	0.0749361	0.0749361	0.0749361
chr11_117050237_T_C	1	1	0.0511469	0.0511469	0.0511469
chr11_117098734_T_C	1	1	0.0598305	0.0598305	0.0598305
chr11_117144501_C_T	1	1	0.876527	0.876527	0.876527
chr11_117231755_C_A	1	1	0.0986654	0.0986654	0.0986654
chr11_117087380_T_C	1	1	0.0489136	0.0489136	0.0489136
chr11_116806847_C_T	1	1	0.0431032	0.0431032	0.0431032
chr11_117097918_C_G	1	1	0.0566841	0.0566841	0.0566841
chr11_117067673_C_T	1	1	0.0481801	0.0481801	0.0481801
chr11_116890304_C_T	1	1	0.074957	0.074957	0.074957
chr11_116806485_G_C	1	1	0.0531757	0.0531757	0.0531757
chr11_117201495_C_G	1	1	0.0570743	0.0570743	0.0570743
chr11_116811080_C_T	1	1	0.043578	0.043578	0.043578
chr11_117232964_C_T	1	1	0.140092	0.140092	0.140092
chr11_117089343_C_G	1	1	0.0474601	0.0474601	0.0474601
chr11_117199846_C_T	1	1	0.0721742	0.0721742	0.0721742
chr11_117200322_C_T	1	1	0.0932972	0.0932972	0.0932972
chr11_117091134_A_C	1	1	0.0510585	0.0510585	0.0510585
chr11_116959376_G_C	1	1	0.046323	0.046323	0.046323
chr11_117232186_G_C	1	1	0.0790793	0.0790793	0.0790793
chr11_117096162_T_C	1	1	0.563915	0.563915	0.563915
chr11_117144547_C_T	1	1	0.0726404	0.0726404	0.0726404
chr11_117098964_T_G	1	1	0.367857	0.367857	0.367857
chr11_116864878_C_T	1	1	0.0857702	0.0857702	0.0857702
chr11_116830637_C_T	1	0	0	0	0
chr11_117144035_G_A	1	1	0.105329	0.105329	0.105329
chr11_117090964_G_A	1	1	0.0508653	0.0508653	0.0508653
chr11_117199972_A_G	1	1	0.0737454	0.0737454	0.0737454
chr11_116862701_C_T	1	1	0.133934	0.133934	0.133934
chr11_116966765_C_T	1	1	0.046875	0.046875	0.046875
chr11_116946977_T_C	1	1	0.0518458	0.0518458	0.0518458
chr11_116810892_G_A	1	1	0.0414318	0.0414318	0.0414318
chr11_117179008_G_A	1	1	0.112601	0.112601	0.112601
chr11_117112494_C_A	1	1	0.0424262	0.0424262	0.0424262
chr11_117097672_C_A	1	1	0.199984	0.199984	0.199984
chr11_117178465_A_G	1	1	0.0716988	0.0716988	0.0716988
chr11_116967287_T_C	1	1	0.108306	0.108306	0.108306
chr11_117178965_G_T	1	1	0.201074	0.201074	0.201074
chr11_116959339_A_C	1	1	0.046323	0.046323	0.046323
chr11_117143096_G_A	1	1	0.0514441	0.0514441	0.0514441
chr11_117089362_G_A	1	1	0.0483181	0.0483181	0.0483181
chr11_117230991_A_G	1	1	0.10972	0.10972	0.10972
chr11_116829078_C_T	1	1	0.115219	0.115219	0.115219
chr11_117205061_G_A	1	1	0.164159	0.164159	0.164159
chr11_116830448_C_T	1	1	0.0570848	0.0570848	0.0570848
chr11_116946556_T_C	1	1	0.0583214	0.0583214	0.0583214
chr11_116837379_A_G	1	0	0	0	0
chr11_117199849_A_C	1	1	0.0721742	0.0721742	0.0721742
chr11_116958045_T_A	1	1	0.046875	0.046875	0.046875
chr11_117053107_G_A	1	1	0.0476178	0.0476178	0.0476178
chr11_117099265_G_A	1	1	0.0616505	0.0616505	0.0616505
chr11_116830638_G_A	1	1	0.96005	0.96005	0.96005
chr11_117054453_G_C	1	1	0.064373	0.064373	0.064373
chr11_116958268_C_A	1	1	0.046323	0.046323	0.046323
chr11_117232222_C_T	1	1	0.0810836	0.0810836	0.0810836
chr11_116864464_C_T	1	1	0.0916984	0.0916984	0.0916984
chr11_117145664_G_A	1	1	0.105187	0.105187	0.105187
chr11_117144336_G_C	1	0	0	0	0
chr11_116839299_G_T	1	1	0.0543282	0.0543282	0.0543282
chr11_116865543_A_G	1	1	0.123323	0.123323	0.123323
chr11_117051865_C_T	1	1	0.0481516	0.0481516	0.0481516
chr11_116836561_C_A	1	1	0.0548374	0.0548374	0.0548374
chr11_116839182_C_T	1	1	0.0694173	0.0694173	0.0694173
chr11_116890054_A_G	1	1	0.046323	0.046323	0.046323
chr11_117090139_A_G	1	1	0.0988377	0.0988377	0.0988377
chr11_117052635_T_C	1	1	0.0540496	0.0540496	0.0540496
chr11_117112514_A_T	1	1	0.0424262	0.0424262	0.0424262
chr11_116956172_G_A	1	1	0.32691	0.32691	0.32691
chr11_116866603_G_A	1	1	0.046875	0.046875	0.046875
chr11_117144524_T_G	1	1	0.13637	0.13637	0.13637
chr11_117106125_T_A	1	1	0.085268	0.085268	0.085268
chr11_116863344_A_C	1	1	0.0476178	0.0476178	0.0476178
chr11_116958590_A_G	1	1	0.0526402	0.0526402	0.0526402
chr11_116959028_A_C	1	1	0.046323	0.046323	0.046323
chr11_117050181_T_C	1	1	0.0481801	0.0481801	0.0481801
chr11_116839523_G_T	1	1	0.0620284	0.0620284	0.0620284
chr11_117050257_A_C	1	1	0.051894	0.051894	0.051894
chr11_116902401_A_C	1	1	0.0683362	0.0683362	0.0683362
chr11_117178594_T_G	1	1	0.0552271	0.0552271	0.0552271
chr11_117098076_G_A	1	1	0.102116	0.102116	0.102116
chr11_117209912_C_T	1	1	0.0524091	0.0524091	0.0524091
chr11_117232007_A_G	1	1	0.214097	0.214097	0.214097
chr11_117090868_A_G	1	1	0.0598583	0.0598583	0.0598583
chr11_117051926_G_A	1	1	0.0460344	0.0460344	0.0460344
chr11_117200789_C_T	1	1	0.0819593	0.0819593	0.0819593
chr11_117144574_G_A	1	1	0.105046	0.105046	0.105046
chr11_117098990_G_A	1	1	0.257093	0.257093	0.257093
chr11_116889915_G_T	1	1	0.046875	0.046875	0.046875
chr11_117226750_A_T	1	1	0.0667294	0.0667294	0.0667294
chr11_117106369_G_A	1	1	0.0516013	0.0516013	0.0516013
chr11_117209715_T_G	1	1	0.0518143	0.0518143	0.0518143
chr11_117052789_T_C	1	1	0.0596161	0.0596161	0.0596161
chr11_116958143_A_T	1	1	0.046323	0.046323	0.046323
chr11_116830059_C_T	1	1	0.072765	0.072765	0.072765
chr11_117052472_G_A	1	1	0.0578845	0.0578845	0.0578845
chr11_117087162_G_A	1	1	0.0481801	0.0481801	0.0481801
chr11_117194948_G_C	1	1	0.0519227	0.0519227	0.0519227
chr11_117088031_A_G	1	1	0.0481801	0.0481801	0.0481801
chr11_117201460_C_G	1	1	0.057157	0.057157	0.057157
chr11_117199664_C_T	1	1	0.110671	0.110671	0.110671
chr11_117144534_C_G	1	1	0.410185	0.410185	0.410185
chr11_117232764_G_T	1	1	0.573221	0.573221	0.573221
chr11_117050427_T_C	1	1	0.0476178	0.0476178	0.0476178
chr11_116889940_C_T	1	1	0.046875	0.046875	0.046875
chr11_117088747_G_A	1	1	0.047875	0.047875	0.047875
chr11_117205460_G_A	1	1	0.0703546	0.0703546	0.0703546
chr11_117207000_G_A	1	1	0.0911813	0.0911813	0.0911813
chr11_116967914_C_G	1	1	0.046323	0.046323	0.046323
chr11_116890434_G_A	1	1	0.0647339	0.0647339	0.0647339
chr11_116866594_G_A	1	1	0.0476178	0.0476178	0.0476178
chr11_117106013_G_A	1	1	0.926322	0.926322	0.926322
chr11_116866404_A_T	1	1	0.0476178	0.0476178	0.0476178
chr11_116967503_T_C	1	1	0.0666035	0.0666035	0.0666035
chr11_117088388_G_A	1	1	0.0868264	0.0868264	0.0868264
chr11_117097875_T_C	1	1	0.0905852	0.0905852	0.0905852
chr11_117087391_C_A	1	1	0.0489136	0.0489136	0.0489136
chr11_116837515_A_C	1	1	0.0574597	0.0574597	0.0574597
chr11_117050221_G_A	1	1	0.0511469	0.0511469	0.0511469
chr11_117233736_G_T	1	1	0.0748735	0.0748735	0.0748735
chr11_117180711_T_G	1	1	0.053004	0.053004	0.053004
chr11_117205346_T_C	1	1	0.0687594	0.0687594	0.0687594
chr11_116840022_C_T	1	1	0.0709399	0.0709399	0.0709399
chr11_117226791_G_A	1	1	0.0602536	0.0602536	0.0602536
chr11_117112505_A_G	1	1	0.0424262	0.0424262	0.0424262
chr11_117144449_T_C	1	1	0.254352	0.254352	0.254352
chr11_116830667_C_T	1	1	0.102848	0.102848	0.102848
chr11_117050246_G_A	1	1	0.051894	0.051894	0.051894
chr11_117204332_C_T	1	0	0	0	0
chr11_117051216_G_A	1	1	0.0476178	0.0476178	0.0476178
chr11_116837321_C_T	1	1	0.115033	0.115033	0.115033
chr11_117112353_G_A	1	1	0.0436289	0.0436289	0.0436289
chr11_117204591_C_G	1	1	0.221471	0.221471	0.221471
chr11_117180162_G_A	1	1	0.107523	0.107523	0.107523
chr11_116880155_A_C	1	1	0.0765569	0.0765569	0.0765569
chr11_117050059_G_A	1	1	0.0502556	0.0502556	0.0502556
chr11_117145374_G_A	1	1	0.0611005	0.0611005	0.0611005
chr11_117179913_T_C	1	1	0.0910195	0.0910195	0.0910195
chr11_117053720_C_G	1	1	0.0497883	0.0497883	0.0497883
chr11_117231161_C_G	1	1	0.099477	0.099477	0.099477
chr11_117199126_C_T	1	1	0.189828	0.189828	0.189828
chr11_116837320_G_C	1	1	0.115996	0.115996	0.115996
chr11_117105882_G_A	1	1	0.0508329	0.0508329	0.0508329
chr11_117050268_G_A	1	1	0.051894	0.051894	0.051894
chr11_117201358_C_T	1	1	0.0858732	0.0858732	0.0858732
chr11_117113004_A_G	1	1	0.0436289	0.0436289	0.0436289
chr11_117051738_G_A	1	1	0.0497834	0.0497834	0.0497834
chr11_117201818_C_T	1	1	0.942986	0.942986	0.942986
chr11_117144144_A_G	1	1	0.0693191	0.0693191	0.0693191
chr11_117199397_G_A	1	1	0.0888823	0.0888823	0.0888823
chr11_116839701_A_C	1	1	0.0683832	0.0683832	0.0683832
chr11_116902937_G_A	1	1	0.0556829	0.0556829	0.0556829
chr11_117089234_C_T	1	1	0.0473869	0.0473869	0.0473869
chr11_116902813_C_A	1	1	0.0556829	0.0556829	0.0556829
chr11_117098800_A_G	1	1	0.0894444	0.0894444	0.0894444
chr11_116881522_C_T	1	1	0.0498653	0.0498653	0.0498653
chr11_117179765_G_A	1	1	0.0627315	0.0627315	0.0627315
chr11_117200646_G_A	1	1	0.0926023	0.0926023	0.0926023
chr11_117088474_T_C	1	1	0.0476894	0.0476894	0.0476894
chr11_117205415_G_A	1	1	0.0703546	0.0703546	0.0703546
chr11_117200533_C_G	1	1	0.0883472	0.0883472	0.0883472
chr11_116967922_G_A	1	1	0.046323	0.046323	0.046323
chr11_116806640_C_T	1	1	0.0431032	0.0431032	0.0431032
chr11_117200051_G_C	1	1	0.0929566	0.0929566	0.0929566
chr11_116863504_T_C	1	1	0.0476178	0.0476178	0.0476178
chr11_117201628_A_T	1	1	0.0714285	0.0714285	0.0714285
chr11_116890637_C_T	1	1	0.0527663	0.0527663	0.0527663
chr11_117051086_C_T	1	1	0.0476178	0.0476178	0.0476178
chr11_117144502_G_C	1	1	0.556489	0.556489	0.556489
chr11_117112900_G_A	1	1	0.0436289	0.0436289	0.0436289
chr11_117205620_T_C	1	1	0.0633157	0.0633157	0.0633157
chr11_116835789_G_C	1	1	0.162432	0.162432	0.162432
chr11_116937934_G_A	1	1	0.046875	0.046875	0.046875
chr11_117096125_T_G	1	1	0.581041	0.581041	0.581041
chr11_117204343_G_C	1	0	0	0	0
chr11_117204287_G_T	1	0	0	0	0
chr11_117144203_G_C	1	1	0.0559479	0.0559479	0.0559479
chr11_117232385_C_T	1	1	0.339296	0.339296	0.339296
chr11_117199876_C_G	1	1	0.111084	0.111084	0.111084
chr11_117180307_T_A	1	1	0.723784	0.723784	0.723784
chr11_116810984_G_C	1	1	0.0431032	0.0431032	0.0431032
chr11_117178884_C_T	1	1	0.15793	0.15793	0.15793
chr11_117201670_A_T	1	1	0.0714285	0.0714285	0.0714285
chr11_117050816_T_C	1	1	0.128689	0.128689	0.128689
chr11_117200903_G_A	1	1	0.0913606	0.0913606	0.0913606
chr11_117089060_C_T	1	1	0.0473484	0.0473484	0.0473484
chr11_116967027_G_A	1	1	0.0448725	0.0448725	0.0448725
chr11_117201005_C_T	1	1	0.0741971	0.0741971	0.0741971
chr11_117145555_A_G	1	1	0.52156	0.52156	0.52156
chr11_117122822_T_C	1	1	0.071588	0.071588	0.071588
chr11_116966892_C_G	1	1	0.046875	0.046875	0.046875
chr11_117088885_T_C	1	1	0.0480224	0.0480224	0.0480224
chr11_117199975_G_A	1	1	0.0737454	0.0737454	0.0737454
chr11_116830080_C_A	1	1	0.0964779	0.0964779	0.0964779
chr11_117053723_T_C	1	1	0.0497883	0.0497883	0.0497883
chr11_116881475_G_A	1	1	0.0588582	0.0588582	0.0588582
chr11_117199645_C_T	1	1	0.1429	0.1429	0.1429
chr11_117106199_C_T	1	1	0.0748563	0.0748563	0.0748563
chr11_117097740_G_A	1	1	0.15628	0.15628	0.15628
chr11_117051589_C_T	1	1	0.0489367	0.0489367	0.0489367
chr11_116830705_T_C	1	1	0.101046	0.101046	0.101046
chr11_116937960_T_G	1	1	0.046875	0.046875	0.046875
chr11_117143289_G_A	1	1	0.0510101	0.0510101	0.0510101
chr11_117091103_G_A	1	1	0.0510585	0.0510585	0.0510585
chr11_117231996_G_A	1	1	0.0932675	0.0932675	0.0932675
chr11_116863479_T_C	1	1	0.0476178	0.0476178	0.0476178
chr11_116967107_G_C	1	1	0.046323	0.046323	0.046323
chr11_116806876_T_C	1	1	0.0431032	0.0431032	0.0431032
chr11_117205526_T_C	1	1	0.208876	0.208876	0.208876
chr11_116937942_C_T	1	1	0.046875	0.046875	0.046875
chr11_116839180_C_T	1	1	0.0694173	0.0694173	0.0694173
chr11_116835667_C_T	1	1	0.0825534	0.0825534	0.0825534
chr11_117122991_G_A	1	1	0.0461698	0.0461698	0.0461698
chr11_117051581_T_C	1	1	0.0489367	0.0489367	0.0489367
chr11_116967899_C_T	1	1	0.046323	0.046323	0.046323
chr11_117205195_G_C	1	1	0.213378	0.213378	0.213378
chr11_117098700_T_C	1	1	0.0588082	0.0588082	0.0588082
chr11_116830069_C_T	1	1	0.11176	0.11176	0.11176
chr11_117087097_C_T	1	1	0.0481801	0.0481801	0.0481801
chr11_117145574_G_C	1	1	0.523095	0.523095	0.523095
chr11_116836826_C_T	1	1	0.0582634	0.0582634	0.0582634
chr11_116866586_C_T	1	1	0.046875	0.046875	0.046875
chr11_116828932_C_T	1	1	0.0794098	0.0794098	0.0794098
chr11_116890980_T_C	1	1	0.0497883	0.0497883	0.0497883
chr11_117087304_G_A	1	1	0.0481801	0.0481801	0.0481801
chr11_117143264_A_G	1	1	0.0509333	0.0509333	0.0509333
chr11_116890440_A_C	1	1	0.0654118	0.0654118	0.0654118
chr11_116890206_A_G	1	1	0.0780265	0.0780265	0.0780265
chr11_117209882_A_G	1	1	0.0641497	0.0641497	0.0641497
chr11_117097724_T_C	1	1	0.103497	0.103497	0.103497
chr11_117201044_C_T	1	1	0.0896779	0.0896779	0.0896779
chr11_117201710_A_G	1	1	0.147684	0.147684	0.147684
chr11_117099056_T_C	1	1	0.141708	0.141708	0.141708
chr11_116946678_G_C	1	1	0.0660189	0.0660189	0.0660189
chr11_117098723_T_C	1	1	0.0593179	0.0593179	0.0593179
chr11_117051821_G_A	1	1	0.049018	0.049018	0.049018
chr11_116902695_T_C	1	1	0.0548585	0.0548585	0.0548585
chr11_116901771_G_C	1	1	0.046875	0.046875	0.046875
chr11_116902798_G_C	1	1	0.0563064	0.0563064	0.0563064
chr11_117232788_C_T	1	1	0.467023	0.467023	0.467023
chr11_117090025_C_T	1	1	0.0865699	0.0865699	0.0865699
chr11_117088321_T_C	1	1	0.0540874	0.0540874	0.0540874
chr11_117200200_C_G	1	1	0.0723861	0.0723861	0.0723861
chr11_116835987_C_G	1	0	0	0	0
chr11_117144454_T_C	1	1	0.287413	0.287413	0.287413
chr11_116813366_G_A	1	1	0.0682098	0.0682098	0.0682098
chr11_116946930_A_G	1	1	0.0470869	0.0470869	0.0470869
chr11_117204442_C_T	1	1	0.350333	0.350333	0.350333
chr11_117052660_T_C	1	1	0.0540496	0.0540496	0.0540496
chr11_116862849_G_A	1	1	0.0476178	0.0476178	0.0476178
chr11_116836474_G_A	1	1	0.0806897	0.0806897	0.0806897
chr11_117199905_C_T	1	1	0.0721434	0.0721434	0.0721434
chr11_117053400_G_A	1	1	0.0476178	0.0476178	0.0476178
chr11_116830312_G_A	1	1	0.0569266	0.0569266	0.0569266
chr11_116958103_A_T	1	1	0.046323	0.046323	0.046323
chr11_117144210_G_A	1	1	0.0716475	0.0716475	0.0716475
chr11_117199372_C_T	1	1	0.218595	0.218595	0.218595
